0,8350,9989,8309
1,14389,12259,7634
2,9377,15769,1066
3,13471,7841,3210
4,1785,38,16908
5,4560,16555,935
6,5712,3216,7268
7,4839,2887,12326
8,14263,3435,6322
9,4305,7808,9956
10,4830,12798,1138
11,2756,16562,16170
12,3353,3609,6921
13,15853,872,13564
14,4721,12968,13364
15,13305,2652,16225
16,2050,1277,8752
17,7383
18,11684,666,11776
19,12412,16399,3502
20,17522,8078,4620
21,763,15632,10554
22,5034,9907,16085
23,10558,210,904
24,13775,6424,16132
25,3591,2333,14639
26,9352,3502,12262
27,11174,16491,4420
28,7012,5808,17213
29,17299,8139,16817
30,11293,4239,9197
31,3517,10170,3502
32,3502,12262,5793
33,9461,13751,11564
34,9643,16948,13505
35,15855,16654,15761
36,9501,11335,15425
37,9557,3502,12262
38,5679,5658,5998
39,4911,2012,5960
40,9151,3502,12262
41,11428,3502,14446
42,11290,9966,9827
43,6788,1119,13497
44,15988,5410,7965
45,15648,2102,13556
46,2916,14296,4867
47,9732,6350,8461
48,11354,11893,5091
49,1896,1295,3502
50,2735,2275,5824
51,16704,10939,5211
52,13427,6973,11810
53,15862,2826,6341
54,11296,3714,3502
55,3502,12262,5793
56,15530,11088,3502
57,17320,14351,13159
58,13446,11850,6966
59,7491,5030,687
60,767,15747,12525
61,4791,9307,14642
62,9711,8157,1734
63,17227,2832,16955
64,11313,14336,5777
65,1276,8124,5913
66,9837,738,7768
67,6394,6899,16968
68,7212,8945,6412
69,1005,3933,3791
70,15232,16564,16404
71,9276,7068,14819
72,5106,16613,15953
73,2982,1360,2995
74,17201,6755,4007
75,5937,15920,16711
76,6326,14851,1258
77,12970,13566,8742
78,335,16593,2279
79,15803,646,12436
80,1419,13434,10488
81,17436,7785,12641
82,2345,6636,7594
83,
84,2916,14296,4867
85,16564,15232,16404
86,16795,12357,3502
87,1359,12635,13331
88,7794,12731,16756
89,5271,12827,983
90,3687,14681,9901
91,5691,16110,204
92,17519,1146,13805
93,15894,12235,3502
94,10219,13598,3003
95,1465,10057,2429
96,12904,16191,2170
97,5009,14537,3502
98,11970,12819,8931
99,7591,5719,3607
100,7103,3499,3502
101,14513,2229,10590
102,14607,5885,14123
103,6475,13471,10890
104,12949,3709,13726
105,17394,14598,11128
106,2137,8688,1783
107,1703,1611,13923
108,13657,1121,6880
109,5456,5308,6405
110,828,12582,197
111,3502,12262,5793
112,14541,16959,9714
113,17238,3356,16965
114,3502,16379,16368
115,17254,5243,435
116,8918,206,9946
117,3591,16463,2333
118,2188,9839,7397
119,6141,1659,14112
120,5739,10389,4541
121,12452,11375,596
122,5208,15326,13636
123,13124,294,9364
124,5537,538,15774
125,12333,10775,2565
126,5189,4699,8163
127,7841,17403,13471
128,2942,12153,9353
129,15462,7164,4990
130,13290,12205,3502
131,15084,12830,3648
132,6995,1239,15790
133,14203,16734,12756
134,17540,7874,6895
135,12833,13797,8021
136,5880,10883,12262
137,15571,16078,5164
138,7912,13068,10734
139,6614,2155,14828
140,6748,618,192
141,3758,2433,7110
142,4497,13211,4637
143,16855,6358,2095
144,8898,12258,12977
145,15941,3677,249
146,8667,17082,11332
147,12814,10657,4362
148,5304,17125,17439
149,1301,9385,13863
150,574,8277,13337
151,522,2255,10520
152,11970,12819,8931
153,8160,3502,228
154,15573,5785,4127
155,15250,1912,14155
156,4306,15627,12142
157,13740,2880,12172
158,3502,12262,5793
159,7849,6996,17438
160,3564,11505,7055
161,13820,9880,483
162,8524,13954,3502
163,6853,17416,6794
164,12681,4502,2070
165,5773,2591,3502
166,13362,15368,6050
167,3784,15993,3067
168,9436,14739,3421
169,8892,13533,10367
170,5880,10883,1249
171,16688,4111,332
172,1290,10529,7560
173,16665,4598,15657
174,8603,8628,16808
175,12530,13889,13188
176,4768,3101,11623
177,1488,5674,5373
178,8511,5973,6067
179,1301,9385,13863
180,14164,5159,12454
181,5782,11687,13537
182,8394,14454,4832
183,12160,9281,6115
184,11928,6729,4525
185,2663,3636,8351
186,10502,11514,6064
187,2934,15930,15029
188,14761,11672,7118
189,4471,11226,9685
190,1196,16785,13672
191,755,17497,14302
192,10818,4972,14037
193,8869,11215,681
194,5727,11491,16369
195,327,9525,10449
196,1166,12661,13820
197,5231,13311,4992
198,15886,5764,6665
199,10887,6002,15698
200,15689,17387,12019
201,2025,10832,13183
202,2438,7649,13083
203,1360,12402,2982
204,10370,7400,16846
205,9339,1072,12188
206,8698,683,8779
207,13883,2348,16503
208,9095,16957,13230
209,1962,3721,10339
210,3135,5708,3502
211,13662,816,3886
212,7760,15982,1306
213,7577,12289,1468
214,3477,2041,1498
215,14655,11623,4768
216,11933,16343,13656
217,5062,14666,4303
218,1160
219,3502,12262,5793
220,4594,354,10138
221,3502,12262,16638
222,16421,16287,12846
223,2386
224,6033,14061,14094
225,13892,1539,3502
226,8546,9301,3449
227,4214,11812,10509
228,865,17463,7742
229,2288,3502,12435
230,1378,13694,60
231,16611,3502,12262
232,10577,9642,6455
233,13983,11705,14232
234,14487,16859,7551
235,8601,12247,3809
236,2603,11859,844
237,3672,3502,12262
238,5180,14709,275
239,8196,2347,2140
240,3142,16783,6772
241,7176,14109,10585
242,5189,4699,8163
243,7624,16853,2100
244,15085,4578,10035
245,5931,9506,16163
246,10347,3510,2369
247,12800,3247,2286
248,4012,410,11704
249,11345,14762,16210
250,17243,16147,15569
251,5493,4606,6888
252,312,7672,5332
253,3502,12262,5793
254,4720,2929,16015
255,16115,3120,7270
256,8195,10969,11498
257,12475,14889,16976
258,1669,5270,7504
259,11220,3600,3502
260,15538,15820,11817
261,5120,12765,2864
262,8757,12212,3010
263,3502,12262,5793
264,
265,4159,582,1264
266,7798,4919,3960
267,6997,4935,11124
268,13606,5655,7755
269,9411,11805,3212
270,1775,14917,3269
271,11545,290,16359
272,4328,4872,6533
273,17526,1900,2619
274,6515,4599,12337
275,940,15777,11167
276,15824,1132,13611
277,15071,9181,3771
278,2321,1765,540
279,8297,12996,5013
280,12979,8067,3502
281,4299,9066,11044
282,9801,16970,12856
283,10171,10334,1094
284,9216,17084,4017
285,14088,3502,12262
286,8055,902,16038
287,7490,4626,3502
288,2375,12334,6479
289,10171,10334,1094
290,8981,422,7429
291,14159,3502,12262
292,17335,12328,482
293,12726,12849,3372
294,14452,15342,14361
295,13126,12999,6563
296,9422,15346,4389
297,6001,1761,3502
298,10616,5992,8117
299,3578,11655,3502
300,15783,1682,15900
301,6555,11072,7104
302,13733,10468,15414
303,14546,9629,7698
304,3220,8714,4683
305,2679,6073,6559
306,14124,7058,13597
307,3373,9210,15909
308,6995,14560,8133
309,3294,16428,5228
310,6109,7095,6873
311,6431,16690,10473
312,11100,14327,9203
313,8171,12843,17178
314,7300,8084,7573
315,527,16552,5811
316,4387,5288,3502
317,7586,67,15006
318,5175,11929,5715
319,5089,4060,8370
320,8383,1210,17405
321,9237,11738,1485
322,13317,6224,3502
323,7966,7435,5982
324,11869,15435,2648
325,5868,4312,3489
326,7324,16852,1766
327,3591,2333,6438
328,8908,16697,3137
329,10568,1560,3502
330,11675,12758,12082
331,7641,16081,15134
332,8062,15762,3531
333,1711,4270,6762
334,16135,10309,1858
335,4855,3492,196
336,8350,9989,8309
337,11939,11494,10344
338,14677,349,14259
339,4945,1195,15281
340,16835,11849,5269
341,5726,9149,11646
342,3898,679,3502
343,3243,11828,8667
344,17463,865,7742
345,16042,10423,14223
346,751,3722,972
347,11194,3502,12262
348,15212,6134,14712
349,1490,17131,13057
350,14736,6621,4186
351,405,3502,12262
352,16450,17447,2382
353,1808,518,11104
354,1838,15673,1228
355,12228,17173,13106
356,10319,3502,12262
357,8191,7499,4553
358,12319,10323,12491
359,4720,16015,17180
360,7967,5199,11832
361,573,15094,8558
362,14708,15307,6685
363,11478,3502,12262
364,6231,4585,14610
365,7237,13222,17496
366,10175,5906,11451
367,13300,9435,13399
368,15230,3700,9563
369,6591,3502,12262
370,8306,3667,3502
371,11539,13121,3502
372,7814,4213,5723
373,4106,3774,8369
374,6737,12816,7422
375,1301,9385,17485
376,4057,8150,4843
377,12850,16042,16547
378,15759,4678,2518
379,6439,4503,17567
380,1025,10027,1680
381,9287,15620,2435
382,3502,12262,5793
383,3949,16064,7399
384,10597,4388,1029
385,15199,16924,11524
386,14103,14543,9734
387,2313,1087,3502
388,4061,1041,4737
389,7007,12539,16014
390,3502,12262,5793
391,237,7726,1559
392,3158,13877,13295
393,11126,3502,9205
394,1337,16002,17080
395,9869,8780,555
396,16887,4829,4442
397,3441,13487,1084
398,2430,7538,5995
399,11623,2324,17419
400,16996,282,1890
401,17431,7869,3429
402,2845,2314,15753
403,16363,8221,3826
404,7141,7480,16058
405,2893,6027,400
406,9095,3502,12262
407,5806,4103,12688
408,4492,6475,10890
409,9323,4104,5803
410,8137,3284,11957
411,2246,8068,16043
412,8242,6593,2197
413,11006,16228,15514
414,12701,4765,12291
415,16632,6047,6823
416,6728,10869,5567
417,7830,13575,16446
418,17006,16218,3502
419,2132,15037,3746
420,4633,9733,1540
421,1266,3133,11503
422,1349,3204,10640
423,11962,1434,10999
424,7814,4213,5723
425,886,8884,9741
426,3666,12422,8365
427,7,10694,16689
428,482,8208,12328
429,8639,2145,3502
430,3133,12576,11284
431,16727,3502,12262
432,16450,17447,565
433,1458,7048,3502
434,14486,3502,12262
435,12528,8993,16357
436,15074,7778,1816
437,17281,11235,6921
438,262,3109,13576
439,4583,3332,9581
440,3441,13487,1084
441,6149,14231,12832
442,11719,14188,10544
443,3502,9123,12262
444,3052,14815,10135
445,6582
446,7264,12645,16757
447,11339,9081,16100
448,3940,15065,3502
449,3340,17432,9836
450,10041,17045,13904
451,3502,12262,5793
452,15152,506,13142
453,2080,635,7578
454,15241,16269,8986
455,504,8230,4242
456,629,17376,3542
457,16300,13664,12630
458,7190,13248,3502
459,954,3502,12262
460,7358,14261,8907
461,9881,5880,10883
462,1485,13989,8585
463,4880,2881,3502
464,17274,4397,3502
465,13703,16058,4180
466,4825,10672,5978
467,17415,1113,3883
468,12708,10061,16344
469,11176,15835,8941
470,9444,331,10924
471,8412,2771,3502
472,7855,3216,8795
473,9765,11946,15303
474,12005,2413,14912
475,6716,16471,12236
476,2291,15551,6269
477,3591,2333,187
478,5601,3368,5346
479,662,14591,5212
480,11144,15276,9409
481,12199,2235,12948
482,3131,11760,8293
483,1401,2703,7699
484,12,3502,3428
485,15063,6657,4868
486,9290,9408,12784
487,15906,15073,15505
488,15432,3502,12262
489,11309,10392,1812
490,13856,10251,10661
491,13743,2309,14551
492,12595,2526,1410
493,3562,5069,15755
494,14772,16752,8777
495,3774,5441,7503
496,8544,8616,3502
497,9869,8780,555
498,3820,17576,6256
499,7181,1928,9516
500,6696,14799,9755
501,15375,2779,5200
502,3502,12262,5793
503,9570,13972,12890
504,10179,2739,7626
505,9761,16553,3355
506,9980,2717,14417
507,10041,17045,13904
508,4149,970,9410
509,15252,14030,3537
510,4384,15269,16615
511,4601,5985,15120
512,6602,12790,15819
513,12050,13554,12039
514,3735,4532,9329
515,15214,4654,6483
516,13743,2309,14551
517,10930,10938,7639
518,3816,11091,3502
519,6691,3908,8327
520,13296,5896,6183
521,17564,16467,16018
522,12754,15490,2555
523,9460,1529,17002
524,5454,3502,4559
525,15830,3502,12262
526,2158,6262,14143
527,3369,3502,12262
528,15645,3502,12262
529,6840,3502,12262
530,343,8619,229
531,6678,15138,15944
532,9149,532,3954
533,15863,16257,13807
534,17306,13405,5314
535,6505,3776,1902
536,4506,14334,15419
537,17065,6637,164
538,13023,14060,3502
539,15097,9423,5819
540,13109,11424,14462
541,11057,6038,12970
542,15282,16249,10116
543,16835,11849,5269
544,9000,7777,389
545,7406,10436,11585
546,11149,1750,6345
547,9540,3324,2706
548,451,6281,5927
549,15280,2039,15339
550,4492,13192,17025
551,8846,10063,9166
552,15304,15868,9884
553,14536,9653,14822
554,8712,14520,16881
555,9745,12889,16618
556,4688,7699,15583
557,1257,16308,1460
558,2874,14532,6655
559,15389,253,16372
560,9242,5138,4207
561,14095,4827,1022
562,11199,2391,7021
563,7530,1704,10264
564,10573,3826,6809
565,9643,16948,13505
566,427,12057,11297
567,11707,3502,12262
568,2657,1112,3502
569,16407,759,13961
570,15670,17062,9332
571,14883,1690,17297
572,108,5818,12585
573,5034,9907,16085
574,3778,8961,7973
575,15538,15820,11817
576,13553,16366,7690
577,15280,2039,15339
578,4647,5543,5127
579,3502,12262,16638
580,14513,414,5988
581,14857,184,11606
582,7487,9359,11078
583,113,15607,7703
584,1969,12020,8085
585,5242,317,14989
586,12368,3986,14396
587,1420,4876,14307
588,13247,4510,13882
589,2517,9799,3205
590,14109,8413,5437
591,6526,8061,10200
592,3133,13504,16855
593,9275,16963,15610
594,15314,2860,3639
595,16073,3502,12262
596,6531,9784,9786
597,15772,2564,9593
598,1088,14523,4290
599,5880,10883,12262
600,14493,16111,13791
601,10415,5666,3793
602,2423,11067,9812
603,17150,303,10102
604,14181,1530,8734
605,8573,16144,13518
606,14832,5019,2190
607,9046,13018,2503
608,17394,14598,11128
609,12367,7421,11122
610,7126,4229,17356
611,11964,8241,252
612,5454,3502,4559
613,723,9130,11462
614,15845,3999,2337
615,12612,7184,10655
616,15659,15892,5230
617,12246,8736,1921
618,1200,12276,13847
619,2204,5337,16476
620,16776,3064,15117
621,17394,14598,11128
622,7523,8910,6403
623,15306,14798,12720
624,15116,9554,16339
625,3299,7371,144
626,9308,6130,297
627,9721,3331,758
628,11845,1606,14560
629,13471,3210,7841
630,5370,3502,12262
631,12109,8341,16406
632,16175,8301,12944
633,16173,15325,3502
634,5222,12347,4319
635,15034,6150,11955
636,9062,13976,5638
637,15536,16684,6712
638,3502,12262,5793
639,936,516,3502
640,11340,14039,2928
641,15799,5805,16816
642,6995,14560,8133
643,731,6662,7036
644,4441,11053,920
645,12118,4086,11336
646,9609,5748,7261
647,2570,1462,6778
648,14841,14068,3502
649,8808,8519,11769
650,8147,1975,3502
651,710,15439,2554
652,7848,1553,11772
653,6180,14581,9099
654,2706,10988,3142
655,2703,7084,7699
656,4557,13968,684
657,2583,14001,9618
658,2467,17346,2772
659,4709,14479,1367
660,9193,5035,8811
661,3805,2238,6574
662,11880,16567,17143
663,2037,7186,6391
664,13833,3446,14339
665,17374,8850,12552
666,12571,5424,8039
667,14220,3535,1226
668,825,12469,16442
669,5104,11526,13497
670,8524,9284,13954
671,1403,10966,3502
672,12756,12042,3335
673,11475,4822,6643
674,16244,15406,16524
675,16477,1663,10337
676,3270,7210,10148
677,10031,15178,13689
678,17109,9544,162
679,8694,8339,9769
680,7920,12111,13683
681,4559,10619,4309
682,14909,8361,330
683,14925,917,2698
684,15625,8098,12847
685,2276,3502,12262
686,14594,9736,10255
687,3410,11607,11590
688,4387,5288,14911
689,1032,4213,3502
690,330,17420,2393
691,7846,3352,6328
692,7176,3502,14109
693,10805,15021,2688
694,1981,14554,14010
695,8208,5362,17335
696,16137,13986,2139
697,1806,13715,3502
698,3502,12262,5793
699,2893,6027,400
700,2779,5200,15375
701,817,11976,10484
702,5022,10736,15846
703,11581,11055,3502
704,6152,7597,47
705,12328,11883,17335
706,1638,3345,5374
707,1711,4270,6762
708,4528,12782,5918
709,9237,11738,1485
710,15740,1465,9670
711,748,8582,3502
712,12933,3406,14310
713,12595,2526,3502
714,2132,15037,3746
715,4652,987,1030
716,2708,17327,14002
717,11939,11494,10344
718,11506,7172,12799
719,14047,8949,11768
720,16207,6461,3104
721,12207,16214,3502
722,5994,12574,9527
723,13840,6676,3502
724,4875,13629,664
725,1145,2835,9477
726,6371,11517,16809
727,17428,3502,4761
728,
729,3028,6316,9532
730,14788,11534,350
731,16298,6962,13603
732,203,14559,3502
733,15319,8776,13478
734,16383,7068,14819
735,4960,12404,13991
736,15183,2954,4483
737,7652,11854,16301
738,7221,11252,9599
739,12679,13304,15509
740,11670,3132,6690
741,3394,13329,11930
742,3050,3502,10964
743,573,15094,8558
744,4190,14918,17358
745,3502,12262,5793
746,2742,15738,15077
747,6384,17523,15332
748,8964,12449,3502
749,14751,7145,1677
750,5267,6253,12389
751,15476,3309,934
752,1888,6700,6966
753,740,10511,3502
754,8165,4349,14960
755,3502,12262,5793
756,3502,12262,5793
757,6514,1096,6789
758,1214,3502,12262
759,11275,1568,592
760,13532,1666,5015
761,4519,10112,13148
762,10346,3502,12262
763,10573,3826,371
764,16377,15408,4724
765,4441,11053,920
766,12599,15577,3502
767,4221,168,5772
768,1654,17510,14755
769,14392,10787,7945
770,8889,12470,15403
771,11912,12884,14236
772,801,6053,12931
773,372,4003,9355
774,11525,5519,17535
775,9831,10359,10064
776,7853,2967,17528
777,6090,15631,9846
778,16049,15639,17144
779,9980,2717,14417
780,3502,16379,16368
781,14138,4489,7733
782,16119,6715,13389
783,12905,7442,12281
784,15895,3502,12262
785,14776,6056,6466
786,15378,14379,16333
787,16481,3757,10613
788,5242,317,14989
789,12423,10387,14258
790,543,3502,12262
791,5939,11380,10918
792,2215,8093,105
793,7498,12417,14136
794,3502,12262,8465
795,568,9139,552
796,10686,7987,9089
797,10402,8653,17354
798,2268,15393,13937
799,12945,10041,10370
800,3496,8425,448
801,13567,10749,8977
802,5411,16411,6310
803,9869,8780,555
804,5148,3912,196
805,2927,13055,3502
806,8127,9227,561
807,2615,10191,3502
808,14487,16859,7551
809,16505,5581,3502
810,3133,12576,11284
811,830,5398,4235
812,10336,9449,2993
813,16739,15036,5952
814,8229,9555,5124
815,2151,8075,8586
816,1746,6438,12524
817,15676,15752,724
818,10709,10794,7888
819,11454,2043,1519
820,2735,3502,2275
821,3591,2333,9237
822,10030,7025,1810
823,11777,8617,12845
824,13437,1223,3502
825,8712,14520,16881
826,4214,11176,3502
827,15052,7746,8990
828,7841,17403,13471
829,3502,12262,5793
830,4163,3723,6609
831,13394,14927,3502
832,8018,462,15051
833,172,8597,3703
834,11191,3502,12262
835,14047,8949,11768
836,277,11488,10535
837,10608,1350,6986
838,360,5696,13384
839,10613,8539,12738
840,3502,12262,5793
841,9014
842,3128,6475,10890
843,8197,14260,3502
844,12825,3502,12262
845,3502,12262,5793
846,8878,3602,11899
847,14624,10710,11418
848,13174,1793,6225
849,12222,5584,11572
850,6265,3502,12262
851,1984,15369,3502
852,4118,15811,10417
853,17021,13632,9486
854,13850,16250,883
855,12683,4421,7818
856,
857,3709,3514,3502
858,6967,2340,5756
859,13808,10574,12048
860,10699,3315,4011
861,5793,1328,9606
862,460,5260,3882
863,1238,15599,5596
864,16481,3757,3502
865,7315,15875,5599
866,16821,4952,6579
867,15199,16924,11524
868,11407,3502,12262
869,14736,6621,4186
870,9780,2103,9311
871,8177,4025,606
872,7547,2270,5512
873,7089,256,4298
874,6614,2155,14828
875,17313,16818,4274
876,791,4714,5744
877,14674,10224,6191
878,6916,16764,6926
879,1237,2762,13840
880,12192,15915,10427
881,13251,7478
882,10442,5605,6631
883,13832,13792,9848
884,13942,3996,3502
885,16541,14930,6381
886,4580,4565,14897
887,15504,14898,45
888,1270,8796,1712
889,4244,16479,10921
890,9511,57,3502
891,1120,11213,13132
892,3603,15775,4110
893,16983,7622,11358
894,5872,7763,3502
895,334,9509,10876
896,1933,13196,3502
897,9565,5724,8773
898,5229,6490,8048
899,14368,4979,16773
900,6853,17416,6794
901,7641,2704,17542
902,8462,12532,5382
903,15987,16457,9375
904,15983,14676,15568
905,17289,13891,3859
906,1840,13431,13914
907,16887,4829,4442
908,3502,12262,15586
909,4744,14032,4457
910,4573,7162,11541
911,1328,7789,3502
912,1757,13849,17004
913,14507,4203,6644
914,3364,143,9294
915,16306,15696,7611
916,428
917,5867,16997,6537
918,1879,2810,9983
919,2282
920,5342,3317,5056
921,5436,14651,2266
922,8894,4894,7575
923,17115,17375,15247
924,877,5196,13888
925,3020,13338,6785
926,10828,11637,8476
927,11837,5894,14267
928,15431,3502,12262
929,15536,16684,2549
930,3600,750,1880
931,5947,10018,7978
932,1155,3708,2974
933,2723,2829,2787
934,16293,2099,5150
935,1362,11575,7783
936,4647,5543,5127
937,13210,2381,7036
938,1038,2034,14457
939,13450,1136,5085
940,8753,6189,8019
941,529,8677,12581
942,17155,8568,122
943,16573,15621,1174
944,7310,16211,15129
945,1629,16478,6911
946,17477,838,3502
947,15647,4006,16927
948,3195,642,17272
949,14616,8691,13436
950,10882,15383,12497
951,6372,13732,11459
952,1450,9380,12932
953,4210,4101,10001
954,4557,13968,684
955,2538,11278,16981
956,8693,4367,11786
957,15638,13826,4112
958,13968,684,4603
959,12264,6980,2240
960,8012,17352,14473
961,6915,15784,14490
962,7051,9543,13355
963,13324,1081,378
964,7364,16349,7834
965,6801,5131,13997
966,11340,14039,2928
967,1205,11210,1517
968,3502,12262,5793
969,2583,14473,15793
970,9242,5138,4207
971,623,16284,11074
972,34,3502,12262
973,14769,5390,16076
974,519,3864,8140
975,5880,10883,1249
976,8630,17078,8338
977,6722,15666,12831
978,15789,1955,16307
979,1376,8298,13232
980,4981,1727,15543
981,15714,16301,13871
982,9247,12787,3962
983,3783,3502,12262
984,3056,17250,8014
985,9063,5585,12597
986,1719,13628,10881
987,17539,14932,15644
988,791,4714,5744
989,16340,5638,3995
990,15481,11568,819
991,12211,13733,3502
992,7800,2784,15273
993,13856,10661,10251
994,9307,8740,6746
995,11910,13433,11447
996,10574,6618,268
997,5003,9934,2636
998,11960
999,2775,4335,14177
1000,5169,1930,3786
1001,8753,6189,8019
1002,4601,5985,15120
1003,6499,12194,1351
1004,3502,15314,16841
1005,7064,12852,17107
1006,17543,5463,7038
1007,679,9807,12159
1008,8979,2702,12978
1009,13404,13111,11937
1010,14126,9786,13061
1011,11623,14655,4768
1012,1266,11503,1616
1013,15250,2203,1912
1014,10124,2794,3502
1015,13251,13387,7463
1016,13692,3351,7136
1017,12016,7919,12619
1018,8287,9883,3751
1019,16010,463,7301
1020,11636,11369,7896
1021,7853,2967,17528
1022,13730,5459,11441
1023,5488,16000,3502
1024,814,15218,508
1025,4949,3945,12793
1026,4841,7385,4934
1027,5914,12533,10717
1028,3502,12262,15973
1029,14008,1371,6437
1030,14623,16871,10821
1031,12496,3502,12262
1032,11672,14761,7118
1033,8944,15592,2194
1034,2896,17063,6580
1035,13251,13387,7463
1036,16978,2613,9994
1037,491,8547,3502
1038,10347,4913,11343
1039,4506,14334,13052
1040,10045,16251,4033
1041,13480,154,289
1042,17279,14488,11398
1043,720,3502,12262
1044,13291,5092,6534
1045,5305,53,950
1046,15854,10843,9865
1047,6551,15343,1396
1048,6341,11227,14545
1049,6326,14851,5309
1050,5994,1356,9527
1051,12113,14286,6020
1052,6338,16511,6475
1053,17185,16877,16447
1054,13116,708,10024
1055,3474,17569,900
1056,12796,8784,10022
1057,15117,2706,10988
1058,4249,13235,11359
1059,636,13341,1319
1060,4114,3502,12262
1061,11623,14655,4768
1062,14808,11100,14327
1063,15889,1011,14980
1064,14189,10764,9756
1065,8165,4349,14960
1066,13212,2058,95
1067,7697,7924,11127
1068,11405,13440,3502
1069,7121,10555,6606
1070,17347,14104,16093
1071,6474,9351,10634
1072,12315,397,8366
1073,932,1990,80
1074,5880,10883,1249
1075,14103,14543,9734
1076,3502,12262,5793
1077,14947,3502,12262
1078,3715,12192,6272
1079,10722,2445,11774
1080,3502,12262,5793
1081,17281,11235,6921
1082,13606,5655,7755
1083,7665,1017,631
1084,12796,8784,10022
1085,4451,5730,3502
1086,3589,6393,1477
1087,7912,13068,10734
1088,14639,11430,30
1089,11623,2324,17419
1090,16704,10939,3502
1091,9609,5748,7261
1092,15858,11232,9119
1093,17574,8735,3502
1094,14651,16201,7250
1095,3732,17144,3376
1096,16962,3502,12262
1097,3410,11607,11590
1098,17552,7740,7877
1099,1155,2974,5901
1100,16581,14627,13451
1101,4582,13255,9298
1102,14855,16329,6334
1103,7125,1105,11580
1104,948,1192,1936
1105,12558,12898,1527
1106,4190,14918,17358
1107,10608,1350,6986
1108,13286,10878,12056
1109,1669,7504,5270
1110,13743,2309,14551
1111,15622,3502,12262
1112,710,16291,12811
1113,9821,9911,8820
1114,11888,15671,84
1115,8175,15312,3543
1116,8386,13886,16154
1117,7150,6760,8761
1118,15759,4678,2518
1119,6990,15119,16279
1120,1314,10783,14603
1121,7398,16440,11466
1122,13112,8622,891
1123,16383,8974,12882
1124,16755,11605,8074
1125,1787,4129,16126
1126,2910,145,3502
1127,10713,1592,5754
1128,15176,1086,16534
1129,1274,16466,14627
1130,1874,6208,10814
1131,14299,16187,13936
1132,15176,1086,16534
1133,6360,8514,10978
1134,6238,14617,224
1135,14884,3681,6613
1136,3591,2333,14736
1137,7149,13373,11135
1138,15124,3502,12262
1139,1328,7789,117
1140,10534,17100,10932
1141,5034,9907,16085
1142,8440,13906,5519
1143,1695,3502,11884
1144,16643,15860,8013
1145,1266,11503,1616
1146,14541,16959,9714
1147,16162,11238,3502
1148,15294,13539,7505
1149,7243,15014,12411
1150,12557,2983,3502
1151,8895,539,7329
1152,1119,6788,17103
1153,3734,6730,12712
1154,1213,14700,11368
1155,11231,569,11894
1156,10608,1350,6986
1157,14592,9031,16647
1158,14249,6378,678
1159,7936,15175,1036
1160,2583,13644,5081
1161,1165,1905,1995
1162,7611,15696,3273
1163,199,12709,12631
1164,6075,17293,11470
1165,307,13824,2793
1166,16212,13900,1570
1167,10894,3502,9340
1168,14221,16824,3502
1169,2866,15788,5464
1170,4001,15109,3502
1171,10291,5055,10487
1172,15555,13499,15081
1173,2654,11747,15404
1174,7074,1423,4999
1175,1516,2656,1312
1176,7036,12572,13866
1177,3591,2333,10381
1178,3074,888,6216
1179,11989,12053,11656
1180,1025,10027,1680
1181,11834,6395,1234
1182,14175,6165,526
1183,3591,2333,604
1184,2731,6791,10658
1185,12403,7487,7568
1186,12728,4065,10033
1187,11140,13858,3502
1188,1003,14469,3502
1189,2576,6355,3627
1190,1775,14917,3269
1191,710,13456,7868
1192,12756,14203,16734
1193,7245,15921,7553
1194,7247,17039,1287
1195,9757,12174,7971
1196,17482,11370,13139
1197,9676,3756,8584
1198,4446,3476,5804
1199,7817,4125,1836
1200,3502,12262,13116
1201,10652,7674,7894
1202,1931,1393,11549
1203,15957,16217,13995
1204,10522,6040,1726
1205,1862,17023,1007
1206,25,12606,10305
1207,16582,10635,10068
1208,11450,10603,6807
1209,3502,12262,5793
1210,4236,8104,3502
1211,11165,16478,16532
1212,17407,3502,15716
1213,11795,33,1508
1214,600,346,3027
1215,12831,11557,12578
1216,15461,2895,11730
1217,3937,12367,7421
1218,2583,14473,15793
1219,15522,10512,16883
1220,16175,8301,12944
1221,2940,4057,8150
1222,7865,1689,17522
1223,39,3502,12262
1224,10713,1592,5754
1225,281,6347,15633
1226,9027,15580,6518
1227,11603,4749,3502
1228,5873,5795,3502
1229,3443,5766,4133
1230,3575,3287,341
1231,6511,10844,977
1232,2819
1233,5264,17380,3683
1234,8314,1191,10867
1235,2583,9074,3502
1236,15488,15608,4050
1237,13428,9396,15271
1238,5713,14049,10906
1239,7791,998,12480
1240,8053,1196,12824
1241,1284,15384,3502
1242,11357,16812,12610
1243,8867,10891,12477
1244,6018,3502,12262
1245,16270,12655,14045
1246,12831,11557,12578
1247,14879,288,3502
1248,15721,17332,14227
1249,6152,7597,47
1250,2096,3085,15614
1251,14022,3158,13877
1252,16085,8131,4565
1253,8982,14423,1031
1254,13239,15942,13415
1255,1511,16775,14152
1256,9187,15523,14893
1257,4263,2147,11139
1258,11918,3873,13323
1259,17119,6475,10890
1260,1578,1332,16899
1261,4208,7532,4829
1262,8613,8237,7712
1263,3502,12262,5793
1264,15713,6782,15796
1265,13368,6021,3502
1266,2740,7206,5993
1267,2986,16565,8753
1268,2443,7479,1630
1269,13901,4285,7812
1270,3600,750,1880
1271,9126,17152,241
1272,7814,5723,2899
1273,583,5604,616
1274,8138,16049,17144
1275,5948,7601,12561
1276,14165,6430,8879
1277,4965,2248,558
1278,17252,1889,3502
1279,6814,9993,15991
1280,2583,2085,13785
1281,5454,10619,4350
1282,487,7372,442
1283,16234,8541,3828
1284,17057,2882,14971
1285,13318,16211,702
1286,13860,11908,15503
1287,723,9130,11462
1288,3092,8876,15305
1289,15825,2068,17408
1290,14856,4864,10532
1291,10381,4699,5189
1292,13697,8239,11075
1293,17467,10438,5265
1294,4548,15976,1341
1295,7939,8373,9487
1296,2936,10931,3502
1297,2128,2764,5747
1298,6546,8025,8525
1299,7276,12373,3974
1300,7433,3544,12844
1301,265,13197,10003
1302,14724,4296,5822
1303,16850,16542,2073
1304,10381,4699,5189
1305,9709,3655,2796
1306,3400,7010,3502
1307,14931,11664,5781
1308,5305,53,4052
1309,3214,8899,3614
1310,15372,9056,1473
1311,14727,11942,9041
1312,7342,2465,14625
1313,
1314,3403,5174,12000
1315,14446,2320,1232
1316,10352,10012,9241
1317,2071,3994,13983
1318,8182,8591,8329
1319,4736,3502,12262
1320,12313,8682,6348
1321,14199,3096,3576
1322,6620,16076,16415
1323,14858,16020,6686
1324,3473,11472,17089
1325,3717,14548,3258
1326,8477,12661,2450
1327,679,9807,12159
1328,15822,5285,10636
1329,9664,4141,7738
1330,8877,13316,5282
1331,3447,5363,17245
1332,5880,10883,3591
1333,16919,14795,8904
1334,3434,15027,3502
1335,705,2494,10243
1336,5231,7265,12075
1337,6963,11948,7819
1338,4482,17390,11019
1339,8195,3419,13519
1340,15809,3510,16778
1341,3279,1676,13828
1342,2583,3502,12262
1343,6373,13017,10776
1344,4720,9586,7003
1345,5528,9824,5006
1346,1430,3229,1303
1347,12410,11437,9416
1348,8076,6506,11741
1349,15578,11329,1482
1350,15834,5478,13053
1351,8245,7636,16556
1352,6107,2299,870
1353,12653,2344,3502
1354,2515,3709,10061
1355,7579,10919,7751
1356,11697,6149,14231
1357,7157,7866,4732
1358,17407,3502,15716
1359,1379,4788,2991
1360,187,2287,9013
1361,12955,5039,10040
1362,4417,16664,914
1363,233,1075,785
1364,7792,4677,12297
1365,7390,8450,4206
1366,11802,1713,15730
1367,7582,8668,9493
1368,7495,8880,16855
1369,15688,15550
1370,4738,12824,8803
1371,14202,14622,6523
1372,16367,4071,2726
1373,4438,873,6843
1374,14757,3502,13631
1375,10620,36,3502
1376,9936,15155,7314
1377,682,7009,14535
1378,8478,13752,6740
1379,8320,3256,9222
1380,15822,5285,10636
1381,6994,15314,3502
1382,16463,15242,3502
1383,2160,9249,13074
1384,1524,12206,3857
1385,16564,15232,16404
1386,13408,4930,16449
1387,6530,14085,4684
1388,12874,16945,15741
1389,10151,5648,15947
1390,8615,9016,9987
1391,15282,16249,6309
1392,12880,15608,511
1393,3502,12262,5793
1394,5392,31,3305
1395,10284,14156,13325
1396,8674,10493,16745
1397,12889,12089,3464
1398,4869,1965,13789
1399,17321,13818,14262
1400,13154,7253,14225
1401,1353,16885,4162
1402,13071,503,10485
1403,9122,15979,7795
1404,16732,12482,3502
1405,5209,1586,2984
1406,5653,3472,12647
1407,9706,14789,11162
1408,5880,10883,12262
1409,3589,7036,6393
1410,7418,9941,509
1411,16538,7249,8909
1412,3502,12262,5793
1413,
1414,8486,15078,9719
1415,16289,12249,9334
1416,1183,7843,3710
1417,6508,7409,15302
1418,6384,17523,15332
1419,12454,14865,15262
1420,2021,3993,1741
1421,13324,1081,378
1422,12601,16268,15310
1423,16238,9657,16999
1424,12372,11612,11662
1425,1230,1339,9258
1426,10662,12430,11733
1427,13418,4926,13964
1428,3502,12262,5793
1429,4441,920,11053
1430,3765,3415,10796
1431,8187,10326,9800
1432,13253,12226,64
1433,3174,2451,4667
1434,8581,16229,564
1435,1632,1948,1861
1436,6104
1437,4785,16431,13261
1438,16989,17301,17527
1439,528,3502,12262
1440,1916,7737,3502
1441,16721,6331,10172
1442,4353,6525,13225
1443,2091,16740,9078
1444,13781,7027,13383
1445,5330,14141,732
1446,15508,10602,3797
1447,15667,10481,3502
1448,7865,1689,17522
1449,6500,10649,14338
1450,5671,7198,11224
1451,16855,6358,2095
1452,2162,14018,4300
1453,1297,9484,13481
1454,11804,7354,1789
1455,9439,2328,6471
