1 51
1 486
1 573
1 878
1 12
1 746
1 944
1 141
1 879
1 329
2 12
2 746
2 51
2 100
2 1089
2 1169
2 172
2 1380
2 810
2 14
3 485
3 5
3 144
3 399
3 91
3 181
3 90
3 579
3 542
3 6
4 166
4 1061
4 488
4 1315
4 1189
4 236
4 167
4 1275
4 1374
4 575
5 103
5 1032
5 401
5 943
5 552
5 1296
5 968
5 625
5 1374
5 488
6 491
6 257
6 386
6 406
6 1374
6 610
6 767
6 345
6 385
6 1075
7 492
7 57
7 122
7 1231
7 232
7 124
7 56
7 541
7 1040
7 248
8 122
8 492
8 1231
8 69
8 248
8 234
8 124
8 443
8 232
8 292
9 45
9 102
9 549
9 270
9 983
9 398
9 303
9 123
9 144
9 221
10 302
10 493
10 949
10 524
10 1010
10 405
10 691
10 616
10 1143
10 1199
11 495
11 1327
11 72
11 654
11 1186
11 556
11 28
11 1157
11 305
11 273
12 624
12 650
12 966
12 1232
12 1221
12 941
12 1164
12 704
12 270
12 1289
13 496
13 903
13 520
13 313
13 38
13 440
13 643
13 880
13 199
13 415
14 170
14 798
14 439
14 256
14 335
14 1364
14 345
14 291
14 64
14 569
15 462
15 463
15 1025
15 1099
15 82
15 542
15 1340
15 1043
15 1065
15 817
16 498
16 106
16 1255
16 231
16 248
16 1328
16 494
16 259
16 927
16 1112
17 106
17 1108
17 336
17 700
17 1281
17 1301
17 498
17 916
17 445
17 494
18 197
18 248
18 498
18 234
18 56
18 1352
18 1231
18 927
18 492
18 232
19 706
19 140
19 82
19 1309
19 1052
19 713
19 44
19 1279
19 714
19 353
20 500
20 270
20 87
20 450
20 268
20 267
20 407
20 584
20 88
20 625
21 502
21 68
21 686
21 421
21 343
21 1007
21 961
21 628
21 17
21 342
22 125
22 560
22 413
22 254
22 307
22 120
22 348
22 140
22 207
22 406
23 892
23 899
23 902
23 14
23 1259
23 718
23 1092
23 185
23 1109
23 530
24 756
24 1361
24 47
24 46
24 1362
24 12
24 1034
24 883
24 724
24 650
25 277
25 215
25 213
25 214
25 216
25 121
25 212
25 987
25 511
25 772
26 307
26 145
26 611
26 382
26 305
26 96
26 568
26 629
26 547
26 4
27 680
27 1031
27 1035
27 512
27 42
27 752
27 679
27 1320
27 1266
27 674
28 762
28 674
28 1051
28 683
28 921
28 367
28 246
28 680
28 1176
28 227
29 465
29 420
29 612
29 513
29 900
29 601
29 250
29 464
29 683
29 147
30 683
30 513
30 601
30 902
30 633
30 222
30 420
30 602
30 1197
30 45
31 751
31 1209
31 1153
31 1245
31 1082
31 228
31 918
31 895
31 283
31 1040
32 752
32 1259
32 922
32 1186
32 468
32 1112
32 1248
32 469
32 1213
32 601
33 516
33 141
33 431
33 808
33 904
33 598
33 755
33 1106
33 1336
33 713
34 1153
34 431
34 516
34 280
34 1341
34 1350
34 1243
34 795
34 252
34 904
35 488
35 1203
35 1244
35 319
35 169
35 1208
35 1160
35 1189
35 1327
35 1389
36 168
36 123
36 623
36 518
36 74
36 353
36 959
36 546
36 550
36 1222
37 186
37 283
37 1352
37 1311
37 126
37 1229
37 234
37 522
37 952
37 1199
38 536
38 1391
38 976
38 294
38 1211
38 295
38 979
38 433
38 25
38 796
39 43
39 1205
39 9
39 536
39 272
39 346
39 1264
39 293
39 1257
39 1278
40 536
40 1205
40 976
40 9
40 272
40 43
40 186
40 1080
40 37
40 1257
41 289
41 433
41 229
41 520
41 288
41 927
41 126
41 1152
41 1277
41 432
42 521
42 526
42 440
42 469
42 496
42 503
42 1320
42 468
42 467
42 439
43 467
43 469
43 496
43 404
43 903
43 503
43 468
43 194
43 201
43 1070
44 1190
44 103
44 108
44 183
44 1199
44 319
44 1148
44 1031
44 541
44 367
45 305
45 540
45 525
45 625
45 310
45 84
45 1200
45 37
45 573
45 123
46 525
46 123
46 353
46 305
46 84
46 481
46 274
46 1185
46 655
46 1159
47 568
47 1200
47 305
47 525
47 304
47 310
47 570
47 327
47 309
47 308
48 526
48 797
48 440
48 1228
48 638
48 876
48 793
48 902
48 334
48 683
49 527
49 321
49 349
49 322
49 320
49 476
49 1370
49 150
49 585
49 377
50 192
50 326
50 1259
50 494
50 273
50 541
50 410
50 992
50 801
50 337
51 326
51 494
51 528
51 261
51 192
51 23
51 94
51 1310
51 1259
51 1281
52 326
52 306
52 21
52 528
52 1215
52 629
52 22
52 265
52 96
52 1205
53 208
53 1221
53 437
53 1253
53 531
53 407
53 269
53 1236
53 298
53 33
54 123
54 1307
54 84
54 1213
54 44
54 979
54 666
54 1300
54 211
54 784
55 17
55 376
55 1185
55 460
55 798
55 251
55 1301
55 73
55 1214
55 241
56 753
56 14
56 1331
56 441
56 783
56 634
56 1105
56 1339
56 781
56 1057
57 916
57 1338
57 856
57 753
57 1099
57 444
57 810
57 634
57 1339
57 747
58 270
58 788
58 1159
58 754
58 963
58 974
58 873
58 661
58 120
58 267
59 381
59 292
59 23
59 661
59 912
59 261
59 458
59 785
59 646
59 786
60 527
60 321
60 322
60 320
60 476
60 107
60 585
60 150
60 365
60 1235
61 564
61 566
61 539
61 1213
61 333
61 435
61 1258
61 1159
61 1104
61 789
62 459
62 1383
62 381
62 452
62 788
62 105
62 785
62 148
62 1268
62 1370
63 839
63 1118
63 566
63 891
63 420
63 204
63 1045
63 1051
63 1336
63 1135
64 390
64 719
64 52
64 894
64 914
64 441
64 1107
64 627
64 1000
64 311
65 388
65 3
65 569
65 393
65 1355
65 1106
65 180
65 664
65 1237
65 4
66 128
66 1251
66 305
66 131
66 1370
66 664
66 2
66 310
66 191
66 375
67 393
67 180
67 4
67 629
67 3
67 388
67 664
67 306
67 9
67 1106
68 628
68 773
68 662
68 338
68 344
68 364
68 1205
68 1100
68 343
68 560
69 540
69 306
69 458
69 299
69 292
69 128
69 111
69 264
69 1383
69 393
70 540
70 62
70 180
70 300
70 349
70 1149
70 104
70 527
70 305
70 1185
71 540
71 573
71 305
71 1299
71 570
71 310
71 1253
71 1200
71 63
71 329
72 630
72 63
72 540
72 1394
72 315
72 1313
72 1082
72 1195
72 663
72 992
73 332
73 541
73 573
73 401
73 625
73 1296
73 577
73 574
73 572
73 1295
74 625
74 1153
74 68
74 876
74 576
74 26
74 656
74 1204
74 608
74 516
75 306
75 1099
75 565
75 959
75 630
75 1097
75 50
75 645
75 951
75 584
76 630
76 666
76 667
76 565
76 1198
76 9
76 1394
76 328
76 1076
76 537
77 1264
77 667
77 347
77 170
77 630
77 329
77 1395
77 668
77 572
77 272
78 589
78 543
78 578
78 237
78 588
78 592
78 426
78 138
78 590
78 216
79 199
79 1066
79 544
79 567
79 755
79 413
79 56
79 748
79 347
79 52
80 544
80 546
80 1335
80 602
80 441
80 813
80 1019
80 1336
80 168
80 878
81 799
81 714
81 672
81 631
81 185
81 652
81 468
81 206
81 203
81 78
82 1334
82 678
82 1339
82 676
82 465
82 206
82 1332
82 1289
82 247
82 924
83 680
83 1060
83 1275
83 24
83 1196
83 18
83 1190
83 700
83 855
83 909
84 522
84 294
84 873
84 555
84 554
84 546
84 1104
84 378
84 17
84 1281
85 710
85 184
85 84
85 798
85 80
85 1287
85 9
85 1155
85 294
85 7
86 755
86 594
86 790
86 1155
86 280
86 141
86 544
86 719
86 516
86 431
87 547
87 439
87 310
87 1267
87 191
87 2
87 667
87 1309
87 797
87 1198
88 548
88 613
88 622
88 617
88 616
88 615
88 614
88 618
88 621
88 162
89 1338
89 879
89 1290
89 793
89 52
89 200
89 699
89 916
89 924
89 1341
90 265
90 1187
90 311
90 979
90 293
90 892
90 416
90 793
90 527
90 415
91 252
91 924
91 431
91 795
91 799
91 1153
91 800
91 1154
91 316
91 672
92 806
92 810
92 1247
92 1331
92 804
92 683
92 811
92 1252
92 807
92 808
93 635
93 691
93 68
93 1241
93 1336
93 232
93 421
93 1157
93 461
93 1315
94 983
94 559
94 1393
94 1104
94 1161
94 283
94 1394
94 84
94 438
94 101
95 553
95 662
95 1104
95 1002
95 554
95 1258
95 101
95 635
95 690
95 1204
96 637
96 698
96 779
96 680
96 705
96 465
96 699
96 1289
96 700
96 803
97 1331
97 1289
97 779
97 1270
97 882
97 783
97 781
97 790
97 701
97 1214
98 638
98 673
98 1356
98 1163
98 792
98 1091
98 1328
98 704
98 747
98 685
99 639
99 715
99 719
99 716
99 717
99 164
99 67
99 1348
99 944
99 163
100 760
100 1122
100 822
100 1172
100 1126
100 897
100 739
100 740
100 885
100 1051
101 819
101 760
101 817
101 818
101 1119
101 823
101 820
101 825
101 1122
101 1121
102 910
102 729
102 1289
102 1007
102 1092
102 728
102 1389
102 720
102 287
102 1001
103 761
103 1214
103 1050
103 1048
103 956
103 1127
103 1126
103 951
103 251
103 906
104 762
104 462
104 837
104 644
104 1024
104 840
104 824
104 1177
104 957
104 863
105 764
105 848
105 847
105 846
105 953
105 1126
105 1067
105 739
105 743
105 1037
106 847
106 764
106 1036
106 844
106 848
106 953
106 846
106 1042
106 739
106 1038
107 640
107 725
107 883
107 220
107 724
107 909
107 870
107 720
107 12
107 29
108 75
108 724
108 884
108 720
108 727
108 883
108 726
108 640
108 881
108 768
109 391
109 859
109 627
109 1008
109 711
109 51
109 31
109 5
109 658
109 390
110 15
110 1398
110 1387
110 862
110 1117
110 412
110 856
110 1015
110 926
110 1173
111 894
111 857
111 856
111 1131
111 627
111 1008
111 392
111 390
111 1392
111 766
112 641
112 730
112 734
112 422
112 735
112 736
112 647
112 733
112 936
112 648
113 704
113 815
113 748
113 52
113 708
113 360
113 709
113 467
113 265
113 790
114 895
114 919
114 712
114 704
114 918
114 917
114 1266
114 1333
114 699
114 1290
115 486
115 746
115 540
115 371
115 422
115 51
115 1361
115 102
115 81
115 12
116 186
116 1106
116 522
116 1038
116 801
116 1218
116 272
116 48
116 1074
116 759
117 1304
117 440
117 122
117 999
117 196
117 927
117 907
117 688
117 925
117 1001
118 229
118 520
118 923
118 803
118 924
118 246
118 1239
118 230
118 1074
118 1243
119 897
119 928
119 1068
119 1051
119 1132
119 765
119 1116
119 1145
119 926
119 846
120 769
120 887
120 890
120 1172
120 740
120 1122
120 886
120 1145
120 765
120 1068
121 769
121 1146
121 888
121 887
121 1017
121 890
121 1117
121 1056
121 1177
121 1178
122 898
122 1070
122 931
122 935
122 938
122 78
122 934
122 1117
122 930
122 1171
123 941
123 1221
123 387
123 112
123 147
123 775
123 34
123 351
123 206
123 966
124 941
124 898
124 516
124 1070
124 442
124 934
124 938
124 514
124 1288
124 656
125 997
125 993
125 1083
125 176
125 970
125 131
125 696
125 1074
125 1350
125 1093
126 1326
126 1288
126 974
126 1095
126 773
126 1083
126 1265
126 1169
126 397
126 711
127 6
127 869
127 5
127 981
127 582
127 587
127 158
127 944
127 93
127 1375
128 945
128 92
128 1063
128 745
128 1087
128 1246
128 762
128 493
128 248
128 987
129 945
129 988
129 989
129 987
129 278
129 985
129 36
129 1310
129 427
129 314
130 948
130 859
130 766
130 391
130 729
130 1008
130 856
130 5
130 858
130 894
131 950
131 1021
131 1025
131 1012
131 1023
131 1022
131 952
131 1034
131 1019
131 1028
132 1017
132 1021
132 1025
132 1013
132 1026
132 1052
132 1023
132 1018
132 1015
132 951
133 951
133 1013
133 1026
133 1017
133 1023
133 1028
133 1018
133 1015
133 1014
133 1025
134 951
134 1028
134 1012
134 866
134 1015
134 1013
134 1017
134 640
134 883
134 1014
135 1017
135 1026
135 951
135 1013
135 1023
135 1029
135 1012
135 1015
135 1018
135 1014
136 1021
136 951
136 1031
136 891
136 140
136 239
136 1125
136 1013
136 139
136 1033
137 952
137 1034
137 1023
137 1026
137 1052
137 955
137 836
137 847
137 862
137 1024
138 953
138 847
138 764
138 897
138 846
138 844
138 848
138 887
138 841
138 1068
139 847
139 897
139 846
139 826
139 764
139 844
139 953
139 848
139 1038
139 887
140 954
140 1038
140 890
140 1202
140 887
140 1039
140 720
140 729
140 769
140 922
141 1038
141 1043
141 930
141 852
141 421
141 889
141 843
141 1214
141 765
141 826
142 954
142 1136
142 887
142 1134
142 769
142 741
142 1125
142 890
142 1135
142 827
143 1043
143 930
143 826
143 1171
143 1044
143 765
143 953
143 1129
143 1137
143 1294
144 955
144 1126
144 730
144 1363
144 839
144 1045
144 763
144 840
144 838
144 1340
145 1126
145 1051
145 1045
145 641
145 827
145 520
145 928
145 839
145 1130
145 1046
146 1045
146 955
146 1130
146 840
146 641
146 1178
146 1175
146 854
146 839
146 763
147 956
147 1050
147 1049
147 1069
147 843
147 1171
147 1358
147 889
147 1128
147 1392
148 956
148 1126
148 1048
148 1050
148 928
148 1127
148 827
148 761
148 1044
148 740
149 930
149 1070
149 1058
149 1068
149 926
149 1053
149 931
149 1059
149 1363
149 936
150 1075
150 1062
150 1074
150 1243
150 1202
150 924
150 799
150 923
150 970
150 696
151 433
151 1246
151 251
151 287
151 101
151 465
151 678
151 1333
151 676
151 222
152 671
152 1225
152 696
152 1362
152 189
152 1339
152 205
152 1064
152 336
152 683
153 1063
153 1082
153 1085
153 1088
153 1081
153 394
153 1053
153 393
153 1235
153 300
154 1088
154 1087
154 832
154 1086
154 1054
154 1063
154 111
154 584
154 1108
154 1053
155 1101
155 1065
155 806
155 553
155 805
155 1096
155 804
155 781
155 1099
155 76
156 1096
156 553
156 1097
156 1099
156 1100
156 1098
156 1065
156 534
156 1302
156 1279
157 160
157 25
157 1006
157 1391
157 576
157 456
157 571
157 1179
157 556
157 370
158 302
158 1269
158 421
158 405
158 1098
158 949
158 691
158 1263
158 1199
158 524
159 1066
159 1197
159 1339
159 1259
159 42
159 1115
159 846
159 1112
159 801
159 969
160 1071
160 1134
160 741
160 1172
160 885
160 887
160 769
160 763
160 890
160 1126
161 1386
161 54
161 55
161 366
161 145
161 489
161 460
161 1192
161 461
161 784
162 55
162 460
162 54
162 366
162 1182
162 489
162 1386
162 62
162 145
162 559
163 492
163 232
163 56
163 373
163 57
163 1231
163 688
163 124
163 37
163 27
164 311
164 415
164 316
164 265
164 416
164 503
164 1187
164 793
164 996
164 1239
165 504
165 71
165 209
165 72
165 569
165 1276
165 417
165 335
165 491
165 1375
166 504
166 209
166 71
166 569
166 1302
166 334
166 72
166 1276
166 207
166 663
167 274
167 553
167 1279
167 82
167 1097
167 1096
167 1100
167 1043
167 1226
167 1065
168 750
168 118
168 341
168 965
168 157
168 561
168 1224
168 217
168 1043
168 941
169 750
169 118
169 341
169 157
169 965
169 217
169 127
169 458
169 472
169 1224
170 238
170 239
170 893
170 904
170 1082
170 165
170 223
170 139
170 1264
170 905
171 431
171 516
171 141
171 904
171 812
171 1155
171 755
171 714
171 184
171 280
172 527
172 320
172 322
172 321
172 476
172 107
172 478
172 1370
172 1235
172 1251
173 367
173 451
173 532
173 767
173 917
173 931
173 934
173 1047
173 703
173 956
174 1157
174 483
174 523
174 35
174 411
174 1390
174 1319
174 501
174 1151
174 1274
175 941
175 1221
175 491
175 139
175 1082
175 34
175 254
175 1080
175 1222
175 668
176 542
176 963
176 869
176 1375
176 606
176 1221
176 5
176 586
176 767
176 982
177 589
177 588
177 543
177 590
177 576
177 138
177 592
177 426
177 216
177 772
178 543
178 592
178 426
178 138
178 511
178 31
178 589
178 590
178 984
178 387
179 680
179 633
179 682
179 918
179 147
179 428
179 1280
179 200
179 1080
179 224
180 548
180 622
180 616
180 617
180 1391
180 719
180 882
180 1103
180 218
180 620
181 997
181 993
181 131
181 970
181 696
181 1074
181 176
181 243
181 1350
181 1075
182 634
182 685
182 686
182 1338
182 593
182 701
182 1339
182 597
182 70
182 1107
183 811
183 804
183 1243
183 1226
183 808
183 806
183 88
183 805
183 883
183 993
184 716
184 554
184 1217
184 82
184 1219
184 1286
184 509
184 77
184 207
184 515
185 856
185 857
185 766
185 1008
185 858
185 390
185 658
185 859
185 391
185 864
186 1243
186 1074
186 1062
186 1075
186 230
186 803
186 923
186 1239
186 924
186 809
187 763
187 839
187 838
187 1126
187 1171
187 743
187 1071
187 1068
187 1052
187 1172
188 725
188 640
188 720
188 722
188 908
188 911
188 909
188 729
188 102
188 220
189 767
189 640
189 883
189 870
189 1334
189 907
189 881
189 833
189 925
189 909
190 390
190 391
190 1008
190 856
190 15
190 627
190 948
190 1339
190 769
190 122
191 285
191 894
191 827
191 541
191 627
191 658
191 15
191 899
191 1392
191 856
192 733
192 641
192 734
192 925
192 735
192 1173
192 875
192 1184
192 644
192 1170
193 730
193 733
193 734
193 422
193 641
193 736
193 648
193 735
193 1392
193 424
194 642
194 932
194 888
194 1126
194 1172
194 1173
194 1178
194 769
194 1293
194 1116
195 642
195 932
195 1173
195 744
195 1055
195 888
195 1126
195 769
195 1172
195 1145
196 486
196 746
196 1237
196 51
196 1361
196 1323
196 102
196 12
196 875
196 14
197 884
197 881
197 723
197 768
197 726
197 720
197 909
197 865
197 882
197 640
198 889
198 887
198 1068
198 743
198 740
198 1126
198 886
198 843
198 1174
198 739
199 930
199 1058
199 739
199 1362
199 1294
199 744
199 833
199 931
199 1070
199 1059
200 1071
200 1134
200 1053
200 1043
200 1137
200 1068
200 54
200 889
200 1044
200 1375
201 625
201 1297
201 401
201 1296
201 541
201 410
201 1189
201 576
201 318
201 24
202 1285
202 1310
202 232
202 1309
202 1231
202 294
202 186
202 122
202 1356
202 467
203 1285
203 58
203 1231
203 38
203 1308
203 1262
203 370
203 1310
203 294
203 225
204 147
204 1080
204 443
204 208
204 573
204 133
204 1229
204 1310
204 496
204 310
205 1321
205 1287
205 78
205 1323
205 1322
205 337
205 55
205 73
205 80
205 1381
206 1290
206 879
206 1338
206 1336
206 252
206 948
206 598
206 516
206 1341
206 790
207 365
207 174
207 1257
207 189
207 308
207 439
207 274
207 1154
207 946
207 859
208 1291
208 1344
208 163
208 1352
208 566
208 716
208 624
208 1289
208 1345
208 815
209 798
209 959
209 1364
209 461
209 526
209 996
209 1383
209 1278
209 55
209 358
210 1172
210 1145
210 1171
210 1126
210 743
210 1068
210 956
210 1132
210 1133
210 760
211 897
211 1051
211 1117
211 743
211 739
211 740
211 890
211 935
211 1145
211 1068
212 1177
212 1178
212 888
212 838
212 885
212 642
212 1176
212 839
212 1146
212 822
213 769
213 885
213 888
213 1173
213 1146
213 741
213 1116
213 887
213 765
213 1145
214 1294
214 1043
214 1362
214 828
214 1036
214 930
214 739
214 1126
214 1044
214 1042
215 535
215 1234
215 1205
215 25
215 332
215 1253
215 1204
215 456
215 666
215 1198
216 958
216 175
216 39
216 1225
216 1156
216 1319
216 692
216 693
216 1032
216 1364
217 983
217 655
217 1307
217 1161
217 1213
217 666
217 323
217 559
217 1263
217 438
218 559
218 154
218 655
218 323
218 983
218 666
218 553
218 295
218 438
218 1213
219 1221
219 208
219 1222
219 992
219 993
219 371
219 299
219 530
219 1309
219 7
220 292
220 458
220 325
220 1375
220 1182
220 16
220 321
220 527
220 461
220 395
221 1366
221 292
221 1182
221 458
221 435
221 1225
221 1371
221 754
221 1375
221 579
222 1400
222 419
222 1399
222 1398
222 1130
222 1396
222 1387
222 1397
222 1358
222 1357
223 1399
223 400
223 1398
223 419
223 1387
223 1396
223 1400
223 1008
223 412
223 839
224 1312
224 259
224 656
224 317
224 575
224 1314
224 236
224 1157
224 1316
224 110
225 1188
225 1380
225 638
225 225
225 340
225 1349
225 1345
225 794
225 1291
225 213
